[app/ui]
version = 7.1.0
modtime = 1532522537.865544000

[app/launcher]
version = 7.1.0
modtime = 1532522537.885596600

[views/custom_view]
owner = admin
version = 7.1.0
modtime = 1532522731.811729700
